4 0.38523948192596436 0.5200902819633484 0.0721072405576706 0.11784837394952774
4 0.31509649753570557 0.47403067350387573 0.05827178806066513 0.08659776300191879
4 0.4273781478404999 0.4283987879753113 0.04471446946263313 0.062306247651576996
4 0.0853172317147255 0.769737958908081 0.16266201436519623 0.23631924390792847
4 0.36986449360847473 0.3915950655937195 0.04163196682929993 0.07518333941698074
4 0.4406760334968567 0.3152563273906708 0.02219650335609913 0.025220200419425964
4 0.025317540392279625 0.4647330939769745 0.05035407096147537 0.10323133319616318
4 0.46419596672058105 0.28689369559288025 0.019823990762233734 0.024255981668829918
4 0.20125791430473328 0.28850939869880676 0.06821022182703018 0.05524641275405884
4 0.47456095041322316 0.3367768595041323 0.028667355371900884 0.053719008264462825
