4 0.31096309423446655 0.6904426217079163 0.12643682956695557 0.1824667751789093
4 0.42493006587028503 0.4796307384967804 0.10681800544261932 0.09052934497594833
4 0.07742085307836533 0.7810009717941284 0.15451420843601227 0.24279479682445526
4 0.23226764798164368 0.5260264277458191 0.07973375171422958 0.11487141996622086
4 0.0257740281522274 0.46464675664901733 0.05114385113120079 0.10523173213005066
4 0.3707386363636364 0.3870523415977962 0.05191115702479344 0.07162534435261703
4 0.20028409090909094 0.28512396694214875 0.07360537190082646 0.05785123966942152
4 0.47882231404958686 0.31611570247933884 0.02789256198347111 0.05096418732782368
4 0.4404700413223141 0.3119834710743802 0.0255681818181818 0.03168044077134983
4 0.40831611570247944 0.3347107438016529 0.03719008264462808 0.08539944903581265
